2.400000000000000000e+02 4.510000000000000000e+02 -4.994554052999999840e+03
2.560000000000000000e+02 4.471951626865175626e+02 -4.463139790153171816e+03
2.720000000000000000e+02 4.524009705650497040e+02 -4.549439475619546101e+03
2.880000000000000000e+02 4.463814015020288366e+02 -4.271144507163083290e+03
3.040000000000000000e+02 4.519455513821458226e+02 -4.442069441664459191e+03
3.200000000000000000e+02 4.465725271063045057e+02 -4.138752887925776122e+03
3.360000000000000000e+02 4.470648148217818516e+02 -4.230138032892196861e+03
3.520000000000000000e+02 4.467030490848467821e+02 -4.153362413316164748e+03
3.680000000000000000e+02 4.422915349251053954e+02 -3.953370761923417831e+03
3.840000000000000000e+02 4.424887334720875174e+02 -3.838154610763372148e+03
4.000000000000000000e+02 4.440355774914774543e+02 -3.761409125909062823e+03
4.160000000000000000e+02 4.454250890027540777e+02 -3.708925264479440102e+03
4.320000000000000000e+02 4.475103616423641597e+02 -3.641567816087960637e+03
4.480000000000000000e+02 4.442872791028301549e+02 -3.415985364382283024e+03
4.640000000000000000e+02 4.479382777087541854e+02 -3.331589628969726618e+03
4.800000000000000000e+02 4.550509868309598573e+02 -3.140213587309337527e+03
4.960000000000000000e+02 4.614314189134906883e+02 -3.093742998714435998e+03
5.120000000000000000e+02 4.610000000000000000e+02 -3.086108515999999781e+03
