1.760000000000000000e+02 5.042691962751399046e+02 -4.849556599249909596e+03
1.920000000000000000e+02 4.982401889125437151e+02 -4.771129525176442257e+03
2.080000000000000000e+02 4.964500317620691590e+02 -4.739720613697077169e+03
2.240000000000000000e+02 4.930134905333111419e+02 -4.637173121729807463e+03
2.400000000000000000e+02 4.887329509053440120e+02 -4.560624947660223370e+03
2.560000000000000000e+02 4.815444399811372023e+02 -4.328941596501731510e+03
2.720000000000000000e+02 4.961104889190301037e+02 -4.665084288238220324e+03
2.880000000000000000e+02 4.693733480741090034e+02 -3.952773910688180422e+03
3.040000000000000000e+02 4.782243538940787744e+02 -4.031685229515988794e+03
3.200000000000000000e+02 4.823344689916993957e+02 -4.011015717826923719e+03
3.360000000000000000e+02 4.756028201253118937e+02 -3.740671562154000185e+03
3.520000000000000000e+02 4.806122383608556561e+02 -3.839129894296146631e+03
3.680000000000000000e+02 4.784692063073994746e+02 -3.618500973355997303e+03
3.840000000000000000e+02 4.757549584120797022e+02 -3.432923957775315557e+03
4.000000000000000000e+02 4.746605803498808882e+02 -3.421957247229006498e+03
4.160000000000000000e+02 4.720887336425927856e+02 -3.400551679345241610e+03
4.320000000000000000e+02 4.686630227531016430e+02 -3.410218657216170413e+03
4.480000000000000000e+02 4.650000000000000000e+02 -3.128525445000000218e+03
