2.400000000000000000e+02 4.510000000000000000e+02 -4.994554052999999840e+03
2.560000000000000000e+02 4.554890685296402353e+02 -4.674623470364869718e+03
2.720000000000000000e+02 4.602727129769115777e+02 -4.760868632458385036e+03
2.880000000000000000e+02 4.568537041653155484e+02 -4.561668083083793135e+03
3.040000000000000000e+02 4.571517243224716367e+02 -4.581983114336753715e+03
3.200000000000000000e+02 4.554778628235918063e+02 -4.384013379685505242e+03
3.360000000000000000e+02 4.532308643660973644e+02 -4.387662129053152057e+03
3.520000000000000000e+02 4.505078075026033844e+02 -4.251166675536223920e+03
3.680000000000000000e+02 4.496949191608530327e+02 -4.148603694649628778e+03
3.840000000000000000e+02 4.514949450502478498e+02 -4.088785189503451420e+03
4.000000000000000000e+02 4.515384560702199792e+02 -3.978299979316049757e+03
4.160000000000000000e+02 4.534436131370724752e+02 -3.948712863649204337e+03
4.320000000000000000e+02 4.574418702644814516e+02 -3.950455544658630060e+03
4.480000000000000000e+02 4.442872791028301549e+02 -3.415985364382283024e+03
4.640000000000000000e+02 4.479382777087541854e+02 -3.331589628969726618e+03
4.800000000000000000e+02 4.550509868309598573e+02 -3.140213587309337527e+03
4.960000000000000000e+02 4.614314189134906883e+02 -3.093742998714435998e+03
5.120000000000000000e+02 4.610000000000000000e+02 -3.086108515999999781e+03
