1.760000000000000000e+02 4.694100742936409461e+02 -4.025733789758410239e+03
1.920000000000000000e+02 4.667357621891586632e+02 -4.036870860166652164e+03
2.080000000000000000e+02 4.614385261510404916e+02 -3.907202548055521220e+03
2.240000000000000000e+02 4.671025993498993785e+02 -4.021759540295710849e+03
2.400000000000000000e+02 4.661616409557439056e+02 -4.026677557395195436e+03
2.560000000000000000e+02 4.651629325961271206e+02 -3.935052237396978853e+03
2.720000000000000000e+02 4.804936438897502171e+02 -4.286577853926881289e+03
2.880000000000000000e+02 4.664361430185717268e+02 -3.882064113116027329e+03
3.040000000000000000e+02 4.706209446614641365e+02 -3.850811879279803634e+03
3.200000000000000000e+02 4.712019709190654453e+02 -3.746829746194801828e+03
3.360000000000000000e+02 4.718961764757937090e+02 -3.652347741047882664e+03
3.520000000000000000e+02 4.705769629954533002e+02 -3.601138341243071409e+03
3.680000000000000000e+02 4.714262867346811845e+02 -3.441347449624497131e+03
3.840000000000000000e+02 4.703139358358516802e+02 -3.292047476577381076e+03
4.000000000000000000e+02 4.664500173938970420e+02 -3.199656842105202031e+03
4.160000000000000000e+02 4.654566401109368030e+02 -3.213478727070422337e+03
4.320000000000000000e+02 4.610384920147613457e+02 -3.188041264496055646e+03
4.480000000000000000e+02 4.650000000000000000e+02 -3.128525445000000218e+03
